SEED: 42
BATCH_SIZE: 64
INITIAL_LR: 0.0001
LR_SCHEDULER_GAMMA: 0.8
WEIGHT_DECAY: 0.0001
APPLY_GRADIENT_CLIPPING: True
USE_LR_SCHEDULER: True

DATASET: cifar10huggingface

Epoch: 1
Training Metrics:
 Loss: 1.7057269232352372, Accuracy: 0.37834, Precision: 0.3729861164404396, Recall: 0.37834, F1: 0.37380810956785676, WeightedF1: 0.37380810956785676, MicroF1: 0.37834, MacroF1: 0.37380810956785676
Validation Metrics:
 Loss: 1.41646589367253, Accuracy: 0.4913, Precision: 0.48697240440192363, Recall: 0.4913, F1: 0.48725433401016816, WeightedF1: 0.48725433401016816, MicroF1: 0.4913, MacroF1: 0.48725433401016816

Epoch: 2
Training Metrics:
 Loss: 1.4098905586373165, Accuracy: 0.49012, Precision: 0.48541110596231724, Recall: 0.49012, F1: 0.48642205250482967, WeightedF1: 0.48642205250482967, MicroF1: 0.49012, MacroF1: 0.48642205250482967
Validation Metrics:
 Loss: 1.277612814478054, Accuracy: 0.5388, Precision: 0.53684718153845, Recall: 0.5388, F1: 0.5326856185025322, WeightedF1: 0.5326856185025322, MicroF1: 0.5388, MacroF1: 0.5326856185025322

Epoch: 3
Training Metrics:
 Loss: 1.2872567349077795, Accuracy: 0.53486, Precision: 0.5308330860008772, Recall: 0.53486, F1: 0.5319321887683403, WeightedF1: 0.5319321887683403, MicroF1: 0.53486, MacroF1: 0.5319321887683403
Validation Metrics:
 Loss: 1.1791522183995338, Accuracy: 0.5734, Precision: 0.5757675282299033, Recall: 0.5734, F1: 0.5721158921731943, WeightedF1: 0.5721158921731943, MicroF1: 0.5734, MacroF1: 0.5721158921731944

Epoch: 4
