SEED: 42
BATCH_SIZE: 64
INITIAL_LR: 0.0001
LR_SCHEDULER_GAMMA: 0.8
WEIGHT_DECAY: 0.0001
APPLY_GRADIENT_CLIPPING: True
USE_LR_SCHEDULER: False

DATASET: cifar10huggingface

Epoch: 1
Training Metrics:
 Loss: 1.6972172583460503, Accuracy: 0.3791, Precision: 0.3724026195638156, Recall: 0.3791, F1: 0.37369742264242856, WeightedF1: 0.37369742264242856, MicroF1: 0.3791, MacroF1: 0.3736974226424286
Validation Metrics:
 Loss: 1.416372312861643, Accuracy: 0.4923, Precision: 0.49840943754222033, Recall: 0.4923, F1: 0.4918827044138852, WeightedF1: 0.4918827044138852, MicroF1: 0.4923, MacroF1: 0.4918827044138852

Epoch: 2
Training Metrics:
 Loss: 1.4144135494061443, Accuracy: 0.48826, Precision: 0.4839810245508167, Recall: 0.48826, F1: 0.4848204657998727, WeightedF1: 0.4848204657998727, MicroF1: 0.48826, MacroF1: 0.48482046579987265
Validation Metrics:
 Loss: 1.285131803743399, Accuracy: 0.5373, Precision: 0.5371737929029835, Recall: 0.5373, F1: 0.5345195288401969, WeightedF1: 0.5345195288401969, MicroF1: 0.5373, MacroF1: 0.5345195288401969

Epoch: 3
Training Metrics:
 Loss: 1.3016322877096094, Accuracy: 0.5287, Precision: 0.5244938436610287, Recall: 0.5287, F1: 0.525669313395577, WeightedF1: 0.525669313395577, MicroF1: 0.5287, MacroF1: 0.5256693133955769
Validation Metrics:
 Loss: 1.211626396817007, Accuracy: 0.5645, Precision: 0.572107305293323, Recall: 0.5645, F1: 0.566516584877408, WeightedF1: 0.566516584877408, MicroF1: 0.5645, MacroF1: 0.566516584877408

Epoch: 4
Training Metrics:
 Loss: 1.2190409791286645, Accuracy: 0.56168, Precision: 0.5583358141699404, Recall: 0.56168, F1: 0.5593263727438246, WeightedF1: 0.5593263727438246, MicroF1: 0.56168, MacroF1: 0.5593263727438247
Validation Metrics:
 Loss: 1.1546687597681762, Accuracy: 0.5845, Precision: 0.5914315194842902, Recall: 0.5845, F1: 0.5826722581652062, WeightedF1: 0.5826722581652062, MicroF1: 0.5845, MacroF1: 0.5826722581652064

