SEED: 42
BATCH_SIZE: 64
INITIAL_LR: 0.0001
LR_SCHEDULER_GAMMA: 0.8
WEIGHT_DECAY: 0.0001
APPLY_GRADIENT_CLIPPING: True
USE_LR_SCHEDULER: False

DATASET: cifar10huggingface

Epoch: 1
Training Metrics:
 Loss: 1.7043536049325754, Accuracy: 0.37678, Precision: 0.3706561172547561, Recall: 0.37678, F1: 0.37178764096000877, WeightedF1: 0.37178764096000877, MicroF1: 0.37678, MacroF1: 0.3717876409600088
Validation Metrics:
 Loss: 1.4680154194497759, Accuracy: 0.4716, Precision: 0.4739828489231485, Recall: 0.4716, F1: 0.462104688237976, WeightedF1: 0.462104688237976, MicroF1: 0.4716, MacroF1: 0.4621046882379761

Epoch: 2
Training Metrics:
 Loss: 1.4207216894535153, Accuracy: 0.48322, Precision: 0.47740538834203844, Recall: 0.48322, F1: 0.4786324935731661, WeightedF1: 0.4786324935731661, MicroF1: 0.48322, MacroF1: 0.4786324935731662
Validation Metrics:
 Loss: 1.3102427751395354, Accuracy: 0.5317, Precision: 0.526481226725549, Recall: 0.5317, F1: 0.52493247217234, WeightedF1: 0.52493247217234, MicroF1: 0.5317, MacroF1: 0.5249324721723398

Epoch: 3
