SEED: 42
BATCH_SIZE: 64
INITIAL_LR: 0.0001
LR_SCHEDULER_GAMMA: 0.8
WEIGHT_DECAY: 0.0001
APPLY_GRADIENT_CLIPPING: True
USE_LR_SCHEDULER: False

DATASET: cifar10huggingface

Epoch: 1
Training Metrics:
 Loss: 1.630085392376346, Accuracy: 0.40326, Precision: 0.39816886630027953, Recall: 0.40326, F1: 0.3982636396399095, WeightedF1: 0.3982636396399095, MicroF1: 0.40326, MacroF1: 0.3982636396399095
Validation Metrics:
 Loss: 1.3196309038028595, Accuracy: 0.5158, Precision: 0.5234616361631096, Recall: 0.5158, F1: 0.5167077240498913, WeightedF1: 0.5167077240498913, MicroF1: 0.5158, MacroF1: 0.5167077240498914

Epoch: 2
Training Metrics:
 Loss: 1.2948563601202367, Accuracy: 0.53262, Precision: 0.5280918701515485, Recall: 0.53262, F1: 0.5295413574798103, WeightedF1: 0.5295413574798103, MicroF1: 0.53262, MacroF1: 0.5295413574798105
Validation Metrics:
 Loss: 1.1708628478323577, Accuracy: 0.5775, Precision: 0.5780686988752128, Recall: 0.5775, F1: 0.5744820419161935, WeightedF1: 0.5744820419161935, MicroF1: 0.5775, MacroF1: 0.5744820419161935

Epoch: 3
Training Metrics:
 Loss: 1.1513860826297184, Accuracy: 0.58708, Precision: 0.5835457332709274, Recall: 0.58708, F1: 0.5849003826064065, WeightedF1: 0.5849003826064065, MicroF1: 0.58708, MacroF1: 0.5849003826064065
Validation Metrics:
 Loss: 1.1203766461390599, Accuracy: 0.6006, Precision: 0.6025820201684301, Recall: 0.6006, F1: 0.598707573070124, WeightedF1: 0.598707573070124, MicroF1: 0.6006, MacroF1: 0.598707573070124

Epoch: 4
Training Metrics:
 Loss: 1.0459095546808999, Accuracy: 0.62568, Precision: 0.6225286041944793, Recall: 0.62568, F1: 0.6237769529652452, WeightedF1: 0.6237769529652452, MicroF1: 0.62568, MacroF1: 0.6237769529652452
Validation Metrics:
 Loss: 1.0484434415580361, Accuracy: 0.6256, Precision: 0.6309015681279504, Recall: 0.6256, F1: 0.6243190389438042, WeightedF1: 0.6243190389438042, MicroF1: 0.6256, MacroF1: 0.6243190389438042

