SEED: 42
BATCH_SIZE: 64
INITIAL_LR: 0.0001
LR_SCHEDULER_GAMMA: 0.8
WEIGHT_DECAY: 0.0001
APPLY_GRADIENT_CLIPPING: True
USE_LR_SCHEDULER: False

DATASET: cifar10huggingface

Epoch: 1
Training Metrics:
 Loss: 2.042654598765361, Accuracy: 0.23822, Precision: 0.22742125829968235, Recall: 0.23822, F1: 0.22449610918919044, WeightedF1: 0.22449610918919044, MicroF1: 0.23822, MacroF1: 0.22449610918919047
Validation Metrics:
 Loss: 1.9037235686733465, Accuracy: 0.3035, Precision: 0.30924371130845546, Recall: 0.3035, F1: 0.2936892366876031, WeightedF1: 0.2936892366876031, MicroF1: 0.3035, MacroF1: 0.2936892366876032

