SEED: 42
BATCH_SIZE: 64
INITIAL_LR: 0.0001
LR_SCHEDULER_GAMMA: 0.8
WEIGHT_DECAY: 0.0001
APPLY_GRADIENT_CLIPPING: True
USE_LR_SCHEDULER: False

DATASET: cifar10huggingface

Epoch: 1
Training Metrics:
 Loss: 1.718669889985448, Accuracy: 0.3724, Precision: 0.3679997935937876, Recall: 0.3724, F1: 0.36798578096910556, WeightedF1: 0.36798578096910556, MicroF1: 0.3724, MacroF1: 0.3679857809691056
Validation Metrics:
 Loss: 1.438460580862252, Accuracy: 0.4794, Precision: 0.47320281031543293, Recall: 0.4794, F1: 0.46893826026954055, WeightedF1: 0.46893826026954055, MicroF1: 0.4794, MacroF1: 0.46893826026954055

Epoch: 2
Training Metrics:
 Loss: 1.4160785560717668, Accuracy: 0.4865, Precision: 0.4811751397116574, Recall: 0.4865, F1: 0.482391119479619, WeightedF1: 0.482391119479619, MicroF1: 0.4865, MacroF1: 0.48239111947961905
Validation Metrics:
 Loss: 1.3018374112760944, Accuracy: 0.534, Precision: 0.5386569716410323, Recall: 0.534, F1: 0.5291126735032992, WeightedF1: 0.5291126735032992, MicroF1: 0.534, MacroF1: 0.5291126735032992

Epoch: 3
Training Metrics:
 Loss: 1.3019027701576653, Accuracy: 0.52978, Precision: 0.5256566862420051, Recall: 0.52978, F1: 0.5267667814927959, WeightedF1: 0.5267667814927959, MicroF1: 0.52978, MacroF1: 0.5267667814927959
Validation Metrics:
 Loss: 1.210438969788278, Accuracy: 0.5676, Precision: 0.5681675167344954, Recall: 0.5676, F1: 0.5623989496939827, WeightedF1: 0.5623989496939827, MicroF1: 0.5676, MacroF1: 0.5623989496939827

Epoch: 4
