SEED: 42
BATCH_SIZE: 64
INITIAL_LR: 0.001
LR_SCHEDULER_GAMMA: 0.8
WEIGHT_DECAY: 0.0001
APPLY_GRADIENT_CLIPPING: True
USE_LR_SCHEDULER: True

DATASET: cifar10huggingface

Epoch: 1
Training Metrics:
 Loss: 1.5242284972344518, Accuracy: 0.44536, Precision: 0.4404066016055177, Recall: 0.44536, F1: 0.4418586735931451, WeightedF1: 0.4418586735931451, MicroF1: 0.44536, MacroF1: 0.441858673593145
Validation Metrics:
 Loss: 1.2801357792441252, Accuracy: 0.5417, Precision: 0.539731488219396, Recall: 0.5417, F1: 0.5374903862827876, WeightedF1: 0.5374903862827876, MicroF1: 0.5417, MacroF1: 0.5374903862827876

Epoch: 2
