SEED: 42
BATCH_SIZE: 64
INITIAL_LR: 0.0001
LR_SCHEDULER_GAMMA: 0.8
WEIGHT_DECAY: 0.0001
APPLY_GRADIENT_CLIPPING: True
USE_LR_SCHEDULER: False

DATASET: cifar10huggingface

Epoch: 1
Training Metrics:
 Loss: 1.6289332635567317, Accuracy: 0.40394, Precision: 0.39808717267558447, Recall: 0.40394, F1: 0.39858767495048864, WeightedF1: 0.39858767495048864, MicroF1: 0.4039400000000001, MacroF1: 0.39858767495048875
Validation Metrics:
 Loss: 1.3500955256686848, Accuracy: 0.5102, Precision: 0.5107522459067221, Recall: 0.5102, F1: 0.5042855377029553, WeightedF1: 0.5042855377029553, MicroF1: 0.5102, MacroF1: 0.5042855377029553

Epoch: 2
Training Metrics:
 Loss: 1.2905333556634995, Accuracy: 0.53732, Precision: 0.5326516526020652, Recall: 0.53732, F1: 0.5340686813465384, WeightedF1: 0.5340686813465384, MicroF1: 0.53732, MacroF1: 0.5340686813465384
Validation Metrics:
 Loss: 1.2202502743453736, Accuracy: 0.5541, Precision: 0.5622233783458127, Recall: 0.5541, F1: 0.5546388253468766, WeightedF1: 0.5546388253468766, MicroF1: 0.5541, MacroF1: 0.5546388253468765

Epoch: 3
Training Metrics:
 Loss: 1.137442072334192, Accuracy: 0.59622, Precision: 0.5928923828346563, Recall: 0.59622, F1: 0.594235655110959, WeightedF1: 0.594235655110959, MicroF1: 0.59622, MacroF1: 0.5942356551109589
Validation Metrics:
 Loss: 1.0869417551216807, Accuracy: 0.6084, Precision: 0.6078752156467236, Recall: 0.6084, F1: 0.6066142321933313, WeightedF1: 0.6066142321933313, MicroF1: 0.6084, MacroF1: 0.6066142321933314

Epoch: 4
Training Metrics:
 Loss: 1.0113566538409504, Accuracy: 0.64058, Precision: 0.6384597504882593, Recall: 0.64058, F1: 0.6393524573939251, WeightedF1: 0.6393524573939251, MicroF1: 0.64058, MacroF1: 0.6393524573939252
Validation Metrics:
 Loss: 1.025849491547627, Accuracy: 0.6344, Precision: 0.6322201499104616, Recall: 0.6344, F1: 0.6301076582561269, WeightedF1: 0.6301076582561269, MicroF1: 0.6344, MacroF1: 0.6301076582561268

Epoch: 5
Training Metrics:
 Loss: 0.8947475283499569, Accuracy: 0.68318, Precision: 0.6813868769540771, Recall: 0.68318, F1: 0.6821640726656247, WeightedF1: 0.6821640726656247, MicroF1: 0.68318, MacroF1: 0.6821640726656247
Validation Metrics:
 Loss: 0.9627756309357418, Accuracy: 0.6597, Precision: 0.6633112217975357, Recall: 0.6597, F1: 0.6598898287773112, WeightedF1: 0.6598898287773112, MicroF1: 0.6597, MacroF1: 0.6598898287773112

Epoch: 6
Training Metrics:
 Loss: 0.7918084145278272, Accuracy: 0.72298, Precision: 0.7214865984588948, Recall: 0.72298, F1: 0.7221486375659013, WeightedF1: 0.7221486375659013, MicroF1: 0.72298, MacroF1: 0.7221486375659012
Validation Metrics:
 Loss: 0.9135921946756399, Accuracy: 0.6802, Precision: 0.6865930269517845, Recall: 0.6802, F1: 0.6799039647809564, WeightedF1: 0.6799039647809564, MicroF1: 0.6802, MacroF1: 0.6799039647809564

Epoch: 7
Training Metrics:
 Loss: 0.6982005599438382, Accuracy: 0.75632, Precision: 0.7553992645531826, Recall: 0.75632, F1: 0.7558003109517057, WeightedF1: 0.7558003109517057, MicroF1: 0.75632, MacroF1: 0.7558003109517059
Validation Metrics:
 Loss: 0.8919433123746495, Accuracy: 0.6953, Precision: 0.6986247119301736, Recall: 0.6953, F1: 0.6956430405194761, WeightedF1: 0.6956430405194761, MicroF1: 0.6953, MacroF1: 0.6956430405194761

Epoch: 8
