SEED: 42
BATCH_SIZE: 64
INITIAL_LR: 0.0001
LR_SCHEDULER_GAMMA: 0.8
WEIGHT_DECAY: 0.0001
APPLY_GRADIENT_CLIPPING: True
USE_LR_SCHEDULER: False

DATASET: cifar10huggingface

Epoch: 1
Training Metrics:
 Loss: 1.6615141578342603, Accuracy: 0.39222, Precision: 0.3864337336606109, Recall: 0.39222, F1: 0.38623964004401495, WeightedF1: 0.38623964004401495, MicroF1: 0.39222, MacroF1: 0.38623964004401495
Validation Metrics:
 Loss: 1.360371080933103, Accuracy: 0.5051, Precision: 0.5044604305008278, Recall: 0.5051, F1: 0.5008599788168642, WeightedF1: 0.5008599788168642, MicroF1: 0.5051, MacroF1: 0.5008599788168642

Epoch: 2
Training Metrics:
 Loss: 1.3365969663995612, Accuracy: 0.51572, Precision: 0.5107902649452994, Recall: 0.51572, F1: 0.5122781406701268, WeightedF1: 0.5122781406701268, MicroF1: 0.51572, MacroF1: 0.5122781406701268
Validation Metrics:
 Loss: 1.2498011262553512, Accuracy: 0.5462, Precision: 0.5506463781123745, Recall: 0.5462, F1: 0.5456900552337914, WeightedF1: 0.5456900552337914, MicroF1: 0.5462, MacroF1: 0.5456900552337914

Epoch: 3
Training Metrics:
 Loss: 1.202313317972071, Accuracy: 0.56924, Precision: 0.5652675165597171, Recall: 0.56924, F1: 0.5667040841333166, WeightedF1: 0.5667040841333166, MicroF1: 0.56924, MacroF1: 0.5667040841333166
Validation Metrics:
 Loss: 1.1509001801727683, Accuracy: 0.5846, Precision: 0.5808211226632582, Recall: 0.5846, F1: 0.576896947148456, WeightedF1: 0.576896947148456, MicroF1: 0.5846, MacroF1: 0.576896947148456

Epoch: 4
Training Metrics:
 Loss: 1.1015539592336816, Accuracy: 0.60578, Precision: 0.6025021677094843, Recall: 0.60578, F1: 0.6037839836807437, WeightedF1: 0.6037839836807437, MicroF1: 0.60578, MacroF1: 0.6037839836807438
Validation Metrics:
 Loss: 1.0937044328185404, Accuracy: 0.6119, Precision: 0.6197108458849404, Recall: 0.6119, F1: 0.6103325417028739, WeightedF1: 0.6103325417028739, MicroF1: 0.6119, MacroF1: 0.6103325417028739

Epoch: 5
Training Metrics:
 Loss: 1.0096887773869898, Accuracy: 0.64158, Precision: 0.6385551217705819, Recall: 0.64158, F1: 0.639826094942614, WeightedF1: 0.639826094942614, MicroF1: 0.64158, MacroF1: 0.6398260949426141
Validation Metrics:
 Loss: 1.0372647912638961, Accuracy: 0.6326, Precision: 0.6399363305648132, Recall: 0.6326, F1: 0.6314919520800546, WeightedF1: 0.6314919520800546, MicroF1: 0.6326, MacroF1: 0.6314919520800546

Epoch: 6
