SEED: 42
BATCH_SIZE: 64
INITIAL_LR: 0.0001
LR_SCHEDULER_GAMMA: 0.8
WEIGHT_DECAY: 0.0001
APPLY_GRADIENT_CLIPPING: True
USE_LR_SCHEDULER: False

DATASET: cifar10huggingface

Epoch: 1
Training Metrics:
 Loss: 1.99900064428749, Accuracy: 0.26124, Precision: 0.2569475907864597, Recall: 0.26124, F1: 0.25196107602318396, WeightedF1: 0.25196107602318396, MicroF1: 0.26124, MacroF1: 0.25196107602318396
Validation Metrics:
 Loss: 1.9505125246230204, Accuracy: 0.257, Precision: 0.2661680571901665, Recall: 0.257, F1: 0.23423367832218728, WeightedF1: 0.23423367832218728, MicroF1: 0.257, MacroF1: 0.23423367832218728

Epoch: 2
