SEED: 42
BATCH_SIZE: 64
INITIAL_LR: 0.0001
LR_SCHEDULER_GAMMA: 0.8
WEIGHT_DECAY: 0.0001
APPLY_GRADIENT_CLIPPING: True
USE_LR_SCHEDULER: False

DATASET: cifar10huggingface

Epoch: 1
Training Metrics:
 Loss: 2.0155260026302484, Accuracy: 0.25438, Precision: 0.24380666174177124, Recall: 0.25438, F1: 0.2428679405965832, WeightedF1: 0.2428679405965832, MicroF1: 0.25438, MacroF1: 0.24286794059658318
Validation Metrics:
 Loss: 1.8604769478937624, Accuracy: 0.3242, Precision: 0.33065947818883384, Recall: 0.3242, F1: 0.2980926976924782, WeightedF1: 0.2980926976924782, MicroF1: 0.3242, MacroF1: 0.2980926976924782

Epoch: 2
Training Metrics:
 Loss: 1.85121889599144, Accuracy: 0.32526, Precision: 0.3182921165429627, Recall: 0.32526, F1: 0.31870858437613786, WeightedF1: 0.31870858437613786, MicroF1: 0.32526, MacroF1: 0.3187085843761378
Validation Metrics:
 Loss: 1.7399981439493264, Accuracy: 0.3702, Precision: 0.3709931048362584, Recall: 0.3702, F1: 0.35555389302805057, WeightedF1: 0.35555389302805057, MicroF1: 0.3702, MacroF1: 0.3555538930280505

Epoch: 3
Training Metrics:
 Loss: 1.7477801414706824, Accuracy: 0.36556, Precision: 0.35975493422964633, Recall: 0.36556, F1: 0.36032852115456976, WeightedF1: 0.36032852115456976, MicroF1: 0.36556, MacroF1: 0.3603285211545698
Validation Metrics:
 Loss: 1.6800180529333224, Accuracy: 0.3888, Precision: 0.4050115392170557, Recall: 0.3888, F1: 0.38007317716825884, WeightedF1: 0.38007317716825884, MicroF1: 0.3888, MacroF1: 0.3800731771682589

Epoch: 4
Training Metrics:
 Loss: 1.6617441011206877, Accuracy: 0.4003, Precision: 0.394595986790197, Recall: 0.4003, F1: 0.3949608747986599, WeightedF1: 0.3949608747986599, MicroF1: 0.4003, MacroF1: 0.3949608747986598
Validation Metrics:
 Loss: 1.5591689864541316, Accuracy: 0.4355, Precision: 0.44132935064927625, Recall: 0.4355, F1: 0.42330518546755475, WeightedF1: 0.42330518546755475, MicroF1: 0.4355, MacroF1: 0.4233051854675547

Epoch: 5
Training Metrics:
 Loss: 1.596973319645123, Accuracy: 0.42554, Precision: 0.4204532367101478, Recall: 0.42554, F1: 0.4206749925429931, WeightedF1: 0.4206749925429931, MicroF1: 0.42554, MacroF1: 0.4206749925429931
Validation Metrics:
 Loss: 1.496523146416731, Accuracy: 0.4644, Precision: 0.4655188822327217, Recall: 0.4644, F1: 0.4598090097545608, WeightedF1: 0.4598090097545608, MicroF1: 0.4644, MacroF1: 0.4598090097545608

Epoch: 6
Training Metrics:
 Loss: 1.5447624409595109, Accuracy: 0.44482, Precision: 0.43959329201018704, Recall: 0.44482, F1: 0.43980204364543285, WeightedF1: 0.43980204364543285, MicroF1: 0.44482, MacroF1: 0.43980204364543285
Validation Metrics:
 Loss: 1.453226726525908, Accuracy: 0.479, Precision: 0.4757793267333507, Recall: 0.479, F1: 0.4727983312338844, WeightedF1: 0.4727983312338844, MicroF1: 0.479, MacroF1: 0.47279833123388426

Epoch: 7
Training Metrics:
 Loss: 1.5006488778097244, Accuracy: 0.4592, Precision: 0.4539891957839277, Recall: 0.4592, F1: 0.4545234108590131, WeightedF1: 0.4545234108590131, MicroF1: 0.4592, MacroF1: 0.45452341085901315
Validation Metrics:
 Loss: 1.4115040697109926, Accuracy: 0.4923, Precision: 0.4962311816901169, Recall: 0.4923, F1: 0.48739426892241344, WeightedF1: 0.48739426892241344, MicroF1: 0.4923, MacroF1: 0.48739426892241344

Epoch: 8
Training Metrics:
 Loss: 1.4612242396530288, Accuracy: 0.47156, Precision: 0.46630445272102805, Recall: 0.47156, F1: 0.4671307939145651, WeightedF1: 0.4671307939145651, MicroF1: 0.47156, MacroF1: 0.46713079391456497
Validation Metrics:
 Loss: 1.3849568283481963, Accuracy: 0.4963, Precision: 0.4883950703348748, Recall: 0.4963, F1: 0.48626271819501543, WeightedF1: 0.48626271819501543, MicroF1: 0.4963, MacroF1: 0.48626271819501543

