SEED: 42
BATCH_SIZE: 64
INITIAL_LR: 0.0001
LR_SCHEDULER_GAMMA: 0.8
WEIGHT_DECAY: 0.0001
APPLY_GRADIENT_CLIPPING: True
USE_LR_SCHEDULER: False

DATASET: cifar10huggingface

Epoch: 1
Training Metrics:
 Loss: 2.3017580289669963, Accuracy: 0.10902, Precision: 0.10869513589548863, Recall: 0.10902, F1: 0.0819407206864377, WeightedF1: 0.0819407206864377, MicroF1: 0.10902, MacroF1: 0.08194072068643769
Validation Metrics:
 Loss: 2.2935554070077884, Accuracy: 0.1582, Precision: 0.11869849248556712, Recall: 0.1582, F1: 0.10039050084872995, WeightedF1: 0.10039050084872995, MicroF1: 0.1582, MacroF1: 0.10039050084872994

Epoch: 2
Training Metrics:
 Loss: 2.2966402137980744, Accuracy: 0.12844, Precision: 0.12735982516244956, Recall: 0.12844, F1: 0.10810787582367944, WeightedF1: 0.10810787582367944, MicroF1: 0.12844, MacroF1: 0.10810787582367945
Validation Metrics:
 Loss: 2.278936583525056, Accuracy: 0.1886, Precision: 0.18702047128086266, Recall: 0.1886, F1: 0.13892517812229419, WeightedF1: 0.13892517812229419, MicroF1: 0.1886, MacroF1: 0.13892517812229416

Epoch: 3
Training Metrics:
 Loss: 2.2856105889200857, Accuracy: 0.15558, Precision: 0.14799417811610885, Recall: 0.15558, F1: 0.1399710856194691, WeightedF1: 0.1399710856194691, MicroF1: 0.15558, MacroF1: 0.13997108561946908
Validation Metrics:
 Loss: 2.2537015289258044, Accuracy: 0.1955, Precision: 0.21462862639527316, Recall: 0.1955, F1: 0.13036428086355423, WeightedF1: 0.13036428086355423, MicroF1: 0.1955, MacroF1: 0.13036428086355425

Epoch: 4
Training Metrics:
 Loss: 2.2618062959607603, Accuracy: 0.17336, Precision: 0.15916049689854161, Recall: 0.17336, F1: 0.14603383243329848, WeightedF1: 0.14603383243329848, MicroF1: 0.17336, MacroF1: 0.14603383243329845
Validation Metrics:
 Loss: 2.2106724423208055, Accuracy: 0.186, Precision: 0.20793262082826422, Recall: 0.186, F1: 0.10659960495049248, WeightedF1: 0.10659960495049248, MicroF1: 0.186, MacroF1: 0.10659960495049248

