SEED: 42
BATCH_SIZE: 64
INITIAL_LR: 0.0001
LR_SCHEDULER_GAMMA: 0.8
WEIGHT_DECAY: 0.0001
APPLY_GRADIENT_CLIPPING: True
USE_LR_SCHEDULER: False

DATASET: cifar10huggingface

Epoch: 1
Training Metrics:
 Loss: 1.5077572282013076, Accuracy: 0.45524, Precision: 0.45004384253344165, Recall: 0.45524, F1: 0.4513085051104977, WeightedF1: 0.4513085051104977, MicroF1: 0.45524, MacroF1: 0.45130850511049764
Validation Metrics:
 Loss: 1.2810837307553382, Accuracy: 0.5388, Precision: 0.5340413950186329, Recall: 0.5388, F1: 0.5291487043136027, WeightedF1: 0.5291487043136027, MicroF1: 0.5388, MacroF1: 0.5291487043136025

Epoch: 2
Training Metrics:
 Loss: 1.1791461570488522, Accuracy: 0.57788, Precision: 0.5742666600202818, Recall: 0.57788, F1: 0.5755852296713688, WeightedF1: 0.5755852296713688, MicroF1: 0.57788, MacroF1: 0.5755852296713689
Validation Metrics:
 Loss: 1.1364924307841404, Accuracy: 0.597, Precision: 0.6048340898960892, Recall: 0.597, F1: 0.5881309605163959, WeightedF1: 0.5881309605163959, MicroF1: 0.597, MacroF1: 0.5881309605163959

Epoch: 3
Training Metrics:
 Loss: 0.9983152655689308, Accuracy: 0.64578, Precision: 0.6430079926523153, Recall: 0.64578, F1: 0.6441465067125176, WeightedF1: 0.6441465067125176, MicroF1: 0.64578, MacroF1: 0.6441465067125176
Validation Metrics:
 Loss: 1.0814312259862378, Accuracy: 0.6161, Precision: 0.62490620241731, Recall: 0.6161, F1: 0.615341436304635, WeightedF1: 0.615341436304635, MicroF1: 0.6161, MacroF1: 0.615341436304635

Epoch: 4
Training Metrics:
 Loss: 0.8550989198715181, Accuracy: 0.69742, Precision: 0.6953371958152101, Recall: 0.69742, F1: 0.6962301308737882, WeightedF1: 0.6962301308737882, MicroF1: 0.69742, MacroF1: 0.696230130873788
Validation Metrics:
 Loss: 0.9819746909627489, Accuracy: 0.6594, Precision: 0.6569963253811508, Recall: 0.6594, F1: 0.656235694219727, WeightedF1: 0.656235694219727, MicroF1: 0.6594, MacroF1: 0.656235694219727

Epoch: 5
Training Metrics:
 Loss: 0.7230070854925439, Accuracy: 0.74632, Precision: 0.7451850715777556, Recall: 0.74632, F1: 0.7456790021458282, WeightedF1: 0.7456790021458282, MicroF1: 0.74632, MacroF1: 0.745679002145828
Validation Metrics:
 Loss: 0.9778572624656046, Accuracy: 0.6575, Precision: 0.6713692074181976, Recall: 0.6575, F1: 0.6593845599448871, WeightedF1: 0.6593845599448871, MicroF1: 0.6575, MacroF1: 0.6593845599448871

Epoch: 6
